1.297083
1.671424
1.767153
2.786586
3.353484
3.538669
3.915891
4.196620
4.374028
4.568889
5.782963
5.877836
6.627720
7.648588
8.023947
8.958993
9.447975
9.705926
9.818519
9.890567
10.078229
10.266493
10.454722
10.749572
11.207245
11.390475
11.574757
11.953461
12.326505
12.508981
12.884433
13.260799
13.441447
13.817338
14.193843
14.495046
14.750220
15.126933
15.236782
15.314502
15.424491
15.498843
15.873970
15.984931
16.170995
16.541586
16.624769
16.728646
16.808762
17.117975
17.295579
17.662685
17.748368
17.842789
20.174225
20.362222
20.734560
20.917743
21.038252
21.230231
21.854074
22.158565
22.231794
22.530220
22.603981
22.788727
23.282569
24.021563
24.206968
24.397627
24.472384
24.843889
24.954317
25.031296
25.405081
25.519850
25.781539
26.080324
26.270556
26.521042
26.650440
26.835081
27.011875
27.089850
27.200394
27.454664
27.649190
27.829398
28.139630
28.331470
28.767072
29.142338
29.326991
29.451424
29.518241
29.894132
30.070208
30.192639
30.265845
30.378148
30.560243
30.636829
31.129479
31.314583
31.692535
31.759005
32.133542
32.437523
32.629352
32.688912
32.880729
33.183310
34.186505
34.305856
35.053843
35.309039
35.492928
35.616169
36.179190
36.426065
36.551181
36.732824
36.799745
37.110706
37.479687
37.546505
37.918206
38.046713
38.294086
38.420602
38.666215
38.789132
38.855949
39.723461
39.973576
40.169549
40.282512
40.470451
41.032488
41.090706
41.217894
41.281933
41.403241
41.776435
42.151481
42.337870
42.402593
42.588646
42.770972
42.899201
43.082650
43.148495
43.646898
43.828356
44.010012
44.201609
44.272720
44.575012
44.951609
45.507627
46.325602
46.446215
46.634433
46.697234
47.564468
47.626100
48.311366
48.378160
48.938183
49.059375
49.310799
49.425903
49.616725
50.058264
50.621748
52.051481
52.229560
52.297396
52.669525
52.786157
52.852130
52.976030
53.163090
53.349931
53.533762
53.907720
54.096366
54.349144
55.027280
55.214456
55.401586
55.589769
55.772917
55.961748
56.148380
56.893275
56.962454
57.081806
57.455185
57.521111
57.829062
58.199664
58.268218
61.185984
61.370880
61.445428
61.554965
61.630556
61.741238
62.676817
62.927130
63.050208
63.423333
63.607963
63.984329
64.170000
64.356308
64.540185
65.290208
65.360185
65.476620
66.034838
66.407546
69.207257
69.279225
69.394942
69.581053
69.761065
69.948437
70.136146
70.887211
71.068426
71.334421
72.186725
72.265475
72.373021
72.559062
73.122975
73.307315
73.495150
73.867477
75.252546
75.626065
76.290058
76.479954
78.717812
79.539884
79.646319
80.206944
80.391563
80.580660
81.138206
81.225220
81.884167
82.070984
82.156111
85.800880
85.900208
87.473611
87.659074
87.848009
88.034155
88.220324
88.595463
88.779074
88.964340
89.149479
89.341227
90.179329
91.304063
92.041366
92.316840
92.505428
92.880625
93.250683
93.349120
93.439410
93.905891
94.848773
95.414687
95.490972
95.586632
95.864167
97.539144
98.399259
99.216910
100.522234
100.895347
101.080752
101.826157
102.013773
102.754803
103.318623
104.433542
104.738542
105.308171
105.924572
106.110486
106.223241
106.482905
107.231493
107.536424
108.285278
108.347975
108.464572
109.095220
110.584016
111.696794
111.886748
112.385949
112.572639
112.816308
178.801817
179.435058
179.985417
180.858414
181.109583
181.408102
182.150023
182.335914
182.414722
182.602164
182.713646
183.246887
183.820336
185.296400
186.401076
186.681377
187.136238
187.336701
187.697292
188.263090
188.343090
188.533171
188.700278
189.556470
189.655035
189.826343
189.928206
190.108773
190.194560
190.292720
190.661632
191.398866
191.584988
192.513935
192.892037
193.169722
193.249213
193.435046
193.543681
193.618762
193.810370
194.091088
194.179884
194.732465
194.840139
195.103391
195.213148
195.572766
195.842813
196.210752
196.309190
196.577824
196.693542
196.756748
198.437407
198.806991
199.088935
199.179757
199.278900
199.358310
199.546447
199.649421
199.735822
199.836134
200.100093
200.213981
200.295417
200.376181
200.654340
200.842257
201.129942
201.216435
201.318600
201.502801
201.580382
201.685428
201.766574
201.872037
202.061910
202.132141
202.435775
202.616227
202.691516
202.877361
203.425278
203.615162
203.989317
204.092824
204.359144
204.651042
204.839606
204.913414
205.020266
205.208519
205.651574
206.125961
206.391690
206.501042
206.566921
206.870914
206.945475
207.049745
207.243796
207.309074
207.808206
207.981875
208.238819
208.421481
208.790104
208.971933
209.098657
209.161725
209.287245
209.345961
209.530289
209.649792
209.831539
209.902211
210.016701
210.270266
210.572060
210.644514
210.937396
211.126076
211.683924
211.861620
212.115278
212.233218
212.310046
212.420590
212.495625
212.675787
212.788472
212.861111
212.971748
213.162523
213.228900
213.531111
213.601088
213.785579
213.901400
213.969687
214.087164
214.259271
214.524745
214.638113
214.711262
214.823171
215.010127
215.073692
215.199213
215.262627
215.379595
215.560706
215.628646
215.743241
215.926505
216.119028
216.183264
216.301806
216.485417
216.557037
216.670394
216.737361
216.921782
217.036701
217.104907
217.478762
217.592894
217.779954
217.964583
218.519931
218.703889
218.770139
218.884919
219.062581
219.137604
219.437257
219.878264
219.993796
220.176100
220.246273
220.364167
220.428727
220.547998
220.731910
221.100718
221.169074
221.292049
221.351505
221.473785
221.537963
221.717072
222.028206
222.832442
223.196262
223.320498
223.380903
223.495602
223.570046
223.684931
223.755012
223.870567
223.941412
224.055336
224.120463
224.237720
224.304977
224.488796
224.603657
224.790891
224.859676
225.413472
225.536586
225.716563
225.783229
226.087025
226.147836
226.820822
226.888079
227.071968
227.257593
227.436655
227.813090
228.177905
228.363900
228.665359
228.918669
229.033912
229.220995
229.404549
229.473287
230.330486
230.389132
230.514167
231.132523
232.234792
232.417106
232.542141
232.726389
232.906586
233.341563
234.077697
234.382743
234.817407
235.122731
235.189850
235.303738
235.488333
235.743183
235.860671
236.041748
236.110093
236.226551
236.410451
237.146389
237.335162
237.515972
237.582315
237.699167
237.886887
237.956794
238.070741
238.254873
238.435532
238.617813
238.694988
238.805880
238.880729
238.990764
239.178576
239.365521
239.424780
239.546470
239.611782
239.797708
239.983831
240.092581
240.171574
240.276806
240.345556
240.462269
240.644109
240.830880
240.900382
241.265637
241.387361
241.450012
241.634803
242.308333
242.550150
242.859086
243.111806
243.295208
243.412593
243.475463
243.596528
243.662396
243.779294
243.846285
244.397755
244.515567
244.589005
244.772778
244.880995
244.955637
245.066748
245.140995
245.249757
245.506586
245.618542
245.690417
245.803206
245.871424
245.987292
246.172164
246.238438
246.357894
246.540312
246.607326
246.723322
246.791771
246.909074
247.095637
247.157465
247.280127
247.462801
247.646887
248.074815
248.378843
248.448414
248.565648
248.747639
249.113113
249.300891
249.368993
249.482731
249.552708
249.667014
249.852199
250.034086
250.219005
250.403067
250.588704
250.768484
250.951539
251.209329
251.325880
251.506852
251.583113
251.689213
251.760602
251.876852
252.062951
252.245139
252.493600
252.683009
252.795266
253.232396
253.414734
253.602697
253.712975
253.788287
254.150405
254.266863
254.335046
255.066632
255.369815
255.441875
255.623368
256.289491
256.541933
257.024201
257.096493
257.205243
257.463125
257.574560
257.829734
259.042951
259.228368
260.146736
260.333623
260.698229
260.883542
260.956528
261.256771
261.689792
261.802118
262.354282
262.798819
264.741400
265.111597
265.187060
265.293391
265.558681
266.663160
279.064711
279.621609
279.805220
279.883762
280.166551
280.535949
280.807234
281.083935
281.270833
281.356817
281.454190
281.534711
281.636285
282.183229
282.640231
282.736944
282.823530
283.377801
283.834664
284.202153
284.291829
284.572049
284.836458
284.944282
285.119606
285.669792
285.855949
286.955428
287.137928
287.316354
287.687002
288.590926
289.157882
289.519456
290.161250
290.254699
290.620428
290.904097
291.168009
292.086053
292.274178
292.364479
292.635150
294.289398
294.472164
294.560428
294.835648
295.019826
295.116678
295.210127
295.297280
295.753137
295.857315
295.938495
296.121088
296.198935
296.400336
296.486597
296.673727
296.770324
297.142072
297.589734
298.222720
298.324387
298.403935
298.592616
298.776377
298.869722
299.057419
299.598044
300.249051
300.332870
300.886366
301.067315
301.253090
302.353206
302.537627
302.894803
303.084352
303.454155
304.371458
304.461910
304.645394
304.736204
305.294155
305.564815
305.652581
305.829525
305.934549
306.105162
306.199421
306.378773
306.572049
306.654838
306.752407
307.119653
307.295810
307.660602
307.755972
307.850451
307.943588
308.030718
308.325463
308.762639
308.865058
309.138634
309.233519
310.419815
310.610023
310.954896
311.141759
311.685521
312.526574
313.335741
313.638796
314.063854
314.623090
314.720625
316.083646
316.200069
317.655706
318.457963
319.369306
319.570822
319.669815
320.406354
320.842153
321.134549
322.313426
322.484942
323.590301
323.882627
324.510301
324.605625
325.237188
326.259259
327.539734
327.905440
328.354676
328.437222
329.080648
329.362407
329.457373
329.643819
329.733009
330.191481
330.279329
330.459005
330.650440
330.841968
331.103021
331.382963
332.107130
332.574167
332.661262
333.571667
334.041910
334.118461
334.301875
334.407847
335.223137
335.317801
335.409537
335.591701
336.042315
336.324931
336.418414
336.687917
336.875822
337.593981
337.704016
337.789213
338.335856
338.520891
338.617257
338.893657
339.350289
339.435799
339.616262
339.799769
340.074988
340.534225
341.369352
341.450336
341.729491
343.646620
343.743623
343.825822
344.191609
344.742269
344.843715
345.110035
345.203484
345.292465
345.396412
345.476539
345.574965
345.657130
346.388600
346.577859
346.676933
346.761273
347.124363
347.217477
347.311262
347.412558
347.492465
347.674363
347.776366
347.964757
348.143426
348.224502
348.408542
348.591100
348.706296
348.774676
349.140463
349.335625
349.424931
349.692396
349.872766
350.173241
350.238727
350.354144
350.527593
350.790289
351.259699
351.339931
351.445046
351.523750
351.624954
351.714178
352.556192
352.620938
352.988715
353.351574
353.721829
353.829456
354.453102
354.635498
356.101863
356.218472
356.466111
356.650694
357.199792
357.322546
357.386481
357.566192
357.751019
358.051516
358.596528
358.669468
359.029514
359.217870
359.399977
359.512326
359.885035
359.948669
360.134456
360.318935
360.865683
361.233137
361.419028
361.530706
361.599630
361.780382
362.077431
362.697222
362.811470
363.245394
364.163264
364.462928
364.528137
365.198484
365.262847
365.746227
365.811019
