319.729850
320.890637
321.654421
321.848657
321.893414
322.242558
331.293530
331.408368
331.481898
331.600035
332.254873
332.359294
332.444907
332.555162
332.645278
333.128090
333.317014
333.701088
334.276817
334.548495
335.423600
336.372766
336.661181
336.762118
336.847917
336.947708
337.138102
337.331308
337.524780
337.811794
337.907708
338.378530
338.482766
338.678461
338.764109
338.865845
339.054525
339.435683
339.633056
339.706157
339.824167
340.480266
340.777558
340.858275
341.351771
341.443831
341.824201
341.923426
342.776296
342.879606
343.065625
343.258183
343.641944
343.734363
343.833854
344.214606
344.407350
344.596250
344.693900
344.786042
345.169606
345.358704
345.745822
345.937755
346.022303
346.129259
346.896076
347.086123
347.164282
347.459491
347.738924
348.115683
348.228102
348.420440
348.607569
348.803912
349.371644
349.465185
349.563912
349.751053
349.842315
350.032512
350.326759
350.419606
351.087917
351.282454
351.374815
351.470475
351.569039
351.663148
351.764213
352.237407
352.328924
352.427743
352.526933
352.615278
352.724664
353.188519
353.375579
353.568218
353.672384
353.759375
354.139259
354.334306
354.438391
354.524745
354.715463
354.907350
355.098021
355.199016
355.290104
355.386204
355.480521
355.583993
355.671215
355.776296
355.862824
356.245023
356.342870
356.432755
356.726285
357.955370
358.267106
358.338056
358.530301
359.295370
359.485926
359.680822
359.868241
359.981042
360.251562
360.358958
360.440799
361.203160
361.314468
361.511898
361.777384
361.890220
362.271447
362.540104
362.654572
362.731574
362.845868
362.918808
363.034387
363.108206
363.683750
363.876412
364.259456
364.371968
364.449213
364.563009
364.748796
365.130000
365.215266
365.322847
365.407535
365.517535
365.595718
365.785347
