1.098542
1.174826
1.465937
1.659248
2.311655
2.608924
3.077685
3.270313
3.383669
3.462940
3.568762
3.764340
3.842650
4.330775
5.564259
5.669005
5.750961
5.943634
7.276968
7.474525
7.572350
7.664271
7.764815
7.848218
8.425370
8.535336
8.615486
8.721470
8.807512
8.914294
9.100729
9.385451
9.578194
9.669653
9.857882
10.141447
10.245660
10.438252
10.623102
10.721285
10.807350
11.004560
11.094780
11.197049
11.286319
11.390336
11.475382
11.579132
11.668889
11.772674
11.858947
12.051076
12.159005
12.239514
12.347350
12.428322
12.617465
12.811146
12.915752
13.191331
13.303762
13.380324
13.570810
13.675475
13.949861
15.096250
15.288715
15.401447
15.592095
15.673113
15.780822
15.971458
16.057697
16.160243
16.351667
16.543356
16.626574
16.732847
16.816551
17.501644
17.581840
18.152697
18.264120
18.343310
18.458056
18.527986
18.649896
18.720162
19.484375
19.792407
19.869769
20.170868
20.630938
20.936076
21.011331
21.198484
21.697813
21.775972
21.886100
21.966215
22.348623
22.652211
22.734074
22.841424
23.034919
23.225313
23.298183
23.417789
23.609109
23.685671
23.800752
23.877315
24.179028
24.444850
25.523310
25.789248
26.462164
27.045116
27.124572
27.237060
27.313333
27.436829
27.807465
27.884340
28.186412
28.265741
28.457882
28.569850
28.760822
28.834745
29.024850
29.140648
29.218079
29.328495
29.523275
29.602801
29.715417
29.789433
29.910301
30.098588
30.281852
31.617558
31.699861
32.085602
32.193356
32.577442
33.044294
33.150150
33.237581
33.336852
33.725880
34.196088
34.294769
34.382384
34.485961
34.571042
34.679792
34.763380
34.870000
35.061169
35.140150
35.246979
35.439595
35.528079
35.633287
35.908669
36.017662
36.207477
36.295486
36.398900
36.478738
36.671875
37.352083
37.538854
37.821539
37.924144
38.397778
38.881435
39.158079
39.246377
39.542303
39.637234
39.830174
40.023854
40.117338
40.600521
41.271539
41.826065
41.938391
42.125428
42.317894
42.402951
42.506470
42.696227
43.078900
44.029560
44.218079
44.404294
44.496551
44.589387
45.165127
45.355394
45.542905
45.734583
45.920579
46.111192
46.671782
47.429306
47.803206
48.181944
48.746204
49.210764
49.313611
49.494225
49.686250
50.243495
50.434132
50.527407
50.620012
51.185336
51.472222
51.558553
51.662303
51.742072
52.596609
52.694039
52.783738
52.877789
53.066620
53.173519
53.253194
53.340810
53.439433
54.005637
54.366563
54.564838
54.749190
55.319942
55.506227
55.691701
55.978715
56.071678
56.452870
56.824120
57.011644
57.200139
57.309491
57.577963
57.767245
58.467350
58.699942
58.812188
58.880822
59.451898
60.507512
60.573484
60.760081
61.136470
61.514884
61.705394
61.819097
62.201262
62.263079
62.457650
63.154549
63.203171
65.398032
65.575648
66.593368
67.337245
72.740567
73.726863
75.043125
161.137315
161.454676
161.640127
161.703970
162.185012
162.555023
163.111238
164.973426
166.133160
166.270069
166.337731
166.457176
166.521192
166.634456
166.711736
166.817361
167.080521
168.870868
169.616782
171.336146
171.462975
171.832546
172.210718
172.278148
172.476713
172.565347
172.754687
172.839641
174.512847
174.685278
174.979688
175.905185
176.177280
176.550347
176.719109
177.208218
177.470914
177.567442
177.758391
177.943137
178.685278
178.790509
178.863044
179.523032
185.735127
187.197685
187.385301
187.480220
188.044097
188.131968
188.235185
188.314502
188.422975
188.488669
189.611574
190.271435
190.343519
190.448819
190.538692
190.628229
190.902176
191.167141
191.269502
191.358843
191.459086
191.550810
191.636204
192.462928
192.647789
192.733356
193.025972
193.467616
193.564387
193.664051
193.839225
193.929595
194.094398
194.567141
194.760116
194.826667
194.932998
196.667164
197.459572
199.037928
199.757280
200.122859
200.202303
200.379178
200.668808
200.856447
201.116042
201.220093
201.294803
201.397176
201.579352
202.397106
202.853299
203.480278
203.587153
204.195405
204.316238
204.391898
204.678924
205.844560
206.401076
206.944039
207.230579
207.312650
207.407049
207.595984
207.778368
207.962581
208.143322
208.386296
210.598299
210.775058
210.867188
211.051562
211.138218
211.406551
211.960069
212.127905
212.428796
213.052338
213.140266
213.234444
213.417431
213.506157
213.601562
213.687488
213.783958
214.151400
214.596042
214.693160
214.765521
214.874421
215.138831
215.247905
215.783507
215.965822
216.047292
216.225139
216.331609
216.699919
216.776389
217.061250
217.238171
217.316620
217.421204
217.607859
217.786863
217.966447
218.149109
218.513889
218.699468
218.881505
219.061690
219.242303
219.602581
219.784225
219.883113
220.332593
220.426655
220.515949
220.597836
220.701736
220.774016
221.063067
221.143449
221.245081
221.426377
221.612616
221.692350
221.793553
221.973148
222.153056
222.335995
222.517303
222.701238
222.786192
222.886285
223.149884
223.246192
223.430498
223.611632
223.793935
224.159225
224.338530
224.418264
224.518669
227.202407
227.298530
227.400046
227.497546
227.592581
227.680428
227.792558
228.066319
228.257338
228.368773
228.559676
228.950706
229.140440
229.225903
229.334653
229.527917
229.614572
229.717731
230.191505
230.302569
230.573900
231.725382
231.845880
231.927639
232.038692
232.311412
232.419375
232.616238
233.389248
233.579387
233.861366
234.158148
234.350162
234.443044
234.544664
234.826910
235.319780
235.399456
235.509861
236.087373
236.280937
236.563634
236.669132
236.858553
237.242593
237.726100
237.924109
238.300185
238.401123
238.878299
238.982164
239.363947
239.475590
239.556134
239.753333
239.947697
240.140706
240.328391
240.522708
240.619155
240.715949
240.806042
240.902488
241.099595
241.294468
241.489329
241.773009
241.867951
241.975116
242.066076
242.257616
242.449491
242.642894
242.829769
243.213299
243.406667
243.603796
243.797870
243.919965
244.376991
244.569826
244.763125
244.957743
245.145741
245.337315
245.439792
245.534063
245.727685
246.105694
246.301146
246.492847
246.684734
246.877106
247.067963
247.256053
247.453970
247.642778
247.832037
248.126111
248.215475
248.411204
248.506725
248.788727
249.169931
249.555984
249.744178
249.937280
250.317662
250.599838
251.367095
251.454803
251.938785
252.028356
252.214063
252.404155
252.594873
252.784745
252.885370
252.977801
253.165486
253.729630
253.922188
254.302870
255.064572
255.179838
255.250498
255.637627
255.821597
256.577002
256.702315
256.768704
256.890104
256.961389
257.149931
257.849954
258.030567
258.295000
258.481736
258.602708
258.676157
258.865914
259.057836
259.166285
259.242755
259.431250
259.621250
260.865567
261.253877
261.637106
262.093634
262.389931
262.471887
262.659039
262.848356
262.961991
263.043322
263.233044
263.418079
263.534236
264.561065
264.678160
265.511921
265.624144
265.705150
265.821933
266.078252
266.267245
266.767894
267.026424
267.160185
267.215035
267.599398
267.783970
268.356539
268.545937
268.734977
268.927743
270.817870
271.388993
272.145324
272.338600
272.527199
273.099653
273.473681
274.426238
274.610613
275.183519
275.371574
275.561528
276.697130
276.847269
277.641169
278.211019
279.354734
280.467477
280.677188
280.826655
280.859803
288.257396
364.103646
364.211563
364.400903
364.581713
364.660104
364.765185
