1.657431
1.855000
1.956597
2.051933
2.337002
2.618796
3.191262
3.485602
4.063368
4.252593
4.446100
5.297118
5.594514
5.677523
6.353322
6.447488
6.742130
6.830116
7.027384
7.220694
7.697928
7.796123
7.890949
7.977431
8.082639
8.272824
8.465995
8.538044
8.651481
8.736285
9.227697
9.319468
9.609954
9.711157
9.897465
10.185567
10.288067
10.566736
11.239097
11.427674
12.287350
12.388183
12.674016
12.862164
13.437442
13.625891
13.815174
14.394583
14.584352
14.964525
15.543368
16.032465
16.218137
16.412025
16.496609
16.878588
17.179271
17.364803
17.456007
17.553472
18.408981
18.600313
19.283067
19.364155
19.557465
19.945093
20.136146
20.514537
20.617951
20.701759
20.808519
20.891644
21.387245
21.462315
21.659850
21.850220
23.102002
23.376296
23.485278
23.757731
23.948981
24.243449
24.330961
25.666644
25.855625
25.963681
26.152049
26.236042
26.431308
27.194630
27.383681
27.765093
28.336620
28.528900
28.722280
28.836620
29.025509
29.101019
29.290035
29.484502
29.986840
30.056690
31.120938
31.201644
31.389340
31.510127
31.775613
31.886574
32.078657
32.274537
33.034572
33.413275
33.490208
33.684815
33.792164
34.258032
34.369352
34.443113
34.636157
36.092292
36.159988
36.544421
37.687604
37.797234
37.879769
38.071308
38.184063
38.260810
38.379977
39.027882
39.139815
40.740984
40.934363
41.051262
41.127465
41.319155
41.993912
42.088715
42.274780
42.762199
43.145544
43.337280
43.414387
43.603542
44.554618
44.855440
45.325370
45.708530
46.381157
46.655868
46.848056
47.154039
47.421944
47.612234
47.728287
47.804167
48.113391
48.297986
48.383160
48.497407
48.671088
48.941412
49.065937
49.138750
49.323981
49.451551
49.516505
49.714954
49.903958
50.020324
50.277558
50.589213
50.859491
51.243472
51.357025
51.430370
51.621725
52.115336
52.193218
53.065787
53.255845
53.515440
54.219433
55.167361
55.354988
55.623530
55.812095
56.323507
56.584664
56.692269
56.766007
57.534641
58.786123
58.874572
59.545961
60.323229
60.396400
60.890231
61.279340
61.734271
62.221898
62.495880
62.603206
64.503553
65.364572
65.940451
66.121447
67.172546
67.252882
67.453750
68.281782
68.509873
69.180069
69.445926
69.943125
70.136308
70.221991
72.681840
73.173032
73.275949
73.471516
74.560440
75.292963
167.108461
167.299387
168.095486
169.760787
170.574259
170.887477
171.075822
171.263935
172.586343
172.778472
173.158796
174.475787
174.719421
175.112350
175.665301
177.377627
177.494340
178.066088
178.442141
178.498229
178.640116
178.827222
179.012014
179.382384
179.575451
179.626100
179.761366
180.771736
180.899583
180.955139
181.273090
181.645324
183.727847
183.916968
185.690718
186.421157
186.745509
186.948345
186.984803
188.709769
188.820949
189.197870
190.036088
190.396111
190.715336
190.962083
191.095127
191.356088
191.841539
192.408715
192.481319
192.589826
192.671215
192.974618
193.168380
193.219167
193.541620
193.917338
196.067153
196.554271
196.640243
197.125324
197.205694
197.313519
198.354595
198.437350
200.138218
200.335880
200.600532
200.702384
201.086701
201.172708
201.276181
201.651678
202.409028
202.483183
202.594919
203.161609
203.346296
203.538750
203.808958
203.989688
204.188600
204.856782
205.150775
205.875648
208.270509
208.818079
219.006458
219.101458
219.668333
219.778727
220.238125
220.331690
220.417708
220.528611
222.040266
222.789907
223.244063
223.346586
223.727373
223.817650
224.577963
225.607396
225.711910
225.794792
225.987488
226.268252
226.473634
226.926192
227.399873
227.488773
227.563345
228.804699
229.639942
230.120081
230.540810
232.981019
344.335116
345.060475
345.961088
346.331296
347.838102
348.956690
349.649190
349.835440
350.222292
350.402928
350.778588
354.326169
354.407095
354.704502
354.891516
354.950961
355.638623
356.387257
356.438206
356.577755
356.760451
358.345347
359.190197
359.271227
359.376227
359.620417
360.584861
360.683981
361.148356
361.342986
361.808137
362.187928
362.370139
362.554688
362.650799
362.745949
362.932431
363.117303
363.193264
363.301968
363.495903
363.683183
363.867546
364.324225
364.698368
365.357720
365.446609
