2.213056
2.645301
2.827755
3.197454
3.674410
3.748079
4.041331
4.298519
4.403102
4.480972
4.595984
4.663079
5.214491
5.331748
5.581377
5.879595
6.128796
6.314410
6.496424
7.230706
7.408021
7.530903
7.896400
7.962396
8.082419
8.264954
8.327083
8.449942
8.510891
8.629618
9.179838
9.246806
9.363947
9.430417
9.549340
9.797315
9.980428
10.096516
10.162245
10.283380
10.348009
10.467604
10.528576
10.646944
10.713808
10.832245
10.893854
11.077731
11.199363
11.261759
11.377789
11.444120
11.566354
11.630532
11.750012
12.663912
12.729375
12.916412
13.279711
13.395729
13.463773
13.581840
13.645995
13.830521
14.197014
14.383553
14.747836
14.868507
15.115405
15.298310
15.417604
15.482396
15.600532
15.781412
15.852627
15.958414
16.139919
16.218333
16.521817
16.581285
16.946655
17.069595
17.132326
17.255301
17.439653
17.616655
17.683542
17.812847
17.864560
18.230509
18.721829
18.902998
20.065729
20.186944
20.249826
20.989606
21.289572
21.473900
21.531470
21.657500
22.022164
22.571736
22.638519
23.123021
23.305822
23.493762
23.554086
23.674063
23.739201
23.857743
24.288681
24.406840
24.957002
25.024826
25.140127
25.203484
25.322106
25.507708
25.690810
25.940822
26.611655
26.794630
27.159201
27.771701
28.077708
28.141273
28.322593
28.442778
28.509421
28.693044
28.811111
29.176458
29.242465
29.360903
29.427697
29.730521
29.792384
30.095926
30.642130
30.829491
30.894954
31.009919
31.191458
31.256424
31.374063
31.451296
31.639051
31.815637
31.928669
32.110903
32.296759
32.477917
32.663461
32.847234
32.911412
33.095937
33.278322
33.394317
33.465521
33.649549
33.764456
33.947847
34.015972
34.129086
34.193808
34.309803
34.378646
34.681690
34.746701
35.415417
35.476725
35.599931
35.664641
35.782593
35.848912
36.148368
36.216551
36.400880
36.588576
36.766192
36.950914
37.070590
37.131725
37.504167
37.612477
37.803218
37.865810
38.169329
38.238125
38.352801
38.419699
38.533646
38.716516
38.787072
38.903704
39.090012
39.153171
39.454433
39.522500
40.189433
40.255752
40.436042
40.551632
40.623495
40.733900
40.817662
40.991424
41.475532
41.660197
41.844178
42.028183
42.208866
42.576528
42.638808
42.822593
43.916354
44.040266
44.106273
44.292465
44.403322
44.766875
44.950694
45.196111
45.379942
45.563866
45.677986
45.925694
46.227512
46.293530
47.666574
48.219282
48.572106
49.292731
49.358194
49.471759
49.543924
49.650787
49.716551
49.826100
49.905741
50.081319
50.195810
50.264005
50.375625
50.441308
50.545417
50.621227
50.805255
50.898843
50.978056
51.796748
51.974757
52.227604
52.330440
52.397928
52.510671
52.576262
52.686331
52.859074
53.037917
53.109583
53.217789
53.396343
53.569630
53.645081
53.747037
53.920324
54.100162
54.172454
54.277581
54.457917
55.591343
55.687928
55.936204
56.040613
56.109329
56.568438
57.330729
57.858380
59.350752
59.526782
59.699792
59.770706
61.074375
61.245775
61.339745
61.592141
61.677917
61.765174
62.025359
62.194572
62.279120
62.364954
62.455150
62.629479
62.705787
62.798368
63.223056
63.396215
63.489421
63.558715
63.656968
63.733252
63.825405
63.901574
64.329734
64.584757
64.681400
64.846921
65.018137
65.186505
65.268414
65.353148
65.529248
65.614398
65.699329
65.780394
65.867095
66.035706
66.374606
66.802604
66.891319
67.218472
67.388391
67.559687
67.726157
67.897373
68.401771
68.568148
68.657199
68.738333
68.821308
68.902118
69.071921
69.179838
69.340671
69.492917
69.573611
69.740903
69.908785
70.074468
70.159988
70.240822
70.403056
70.572338
70.660012
70.741308
70.910208
71.234062
71.568981
71.737917
71.820116
71.901516
72.065984
72.230093
72.563044
72.796412
72.966806
73.466852
74.036632
74.197535
74.451620
74.854907
74.931667
75.340486
75.598993
75.666586
77.609815
78.822593
78.897697
78.982072
79.153600
79.311065
79.854757
80.175347
81.443576
81.601296
81.858218
82.234861
82.552361
82.865637
85.472836
127.633345
127.678565
127.781447
127.995370
130.381505
130.532442
130.988843
131.031308
131.897917
131.952037
134.695787
135.106898
135.156424
135.462905
135.563021
135.619606
135.713368
136.018796
136.331238
136.472824
136.527257
136.775440
137.146678
137.255706
137.407581
137.544028
137.585637
137.697674
138.514803
138.912905
138.979560
139.060255
139.524815
139.829398
139.981655
140.055289
140.435150
140.590926
140.647940
140.745081
140.793958
141.502755
141.563981
141.727998
141.813507
142.118819
142.274641
142.722002
143.179074
143.250926
143.793079
143.855035
144.323310
144.553958
144.705486
145.315220
145.385463
145.621458
145.848738
146.298287
147.059734
147.146065
147.293426
147.372025
147.453171
147.521470
147.602870
147.663762
147.763194
147.819398
147.913275
148.062454
148.365104
148.521400
148.671597
148.822789
149.034352
149.131331
149.354109
149.435937
149.585012
149.738229
149.799838
149.891701
149.954549
150.191736
150.343854
150.418403
150.719120
150.954155
151.108877
151.170486
151.328657
151.410880
151.564294
151.790914
151.867604
151.940521
152.171609
152.323576
152.478449
152.633009
152.784167
152.858275
152.933229
153.010556
153.086875
153.314931
153.391748
153.546366
153.618947
153.705984
153.762523
153.853264
154.072685
154.158426
154.223171
154.306898
154.375625
154.462766
154.615706
154.687025
154.766458
154.839433
154.917905
154.992801
155.295556
155.753889
155.984618
156.057361
156.282951
156.441701
156.590405
156.826562
156.969201
157.120116
157.204803
157.272639
157.425799
157.661655
157.886157
158.190370
158.268692
158.344421
158.881215
158.954884
159.181655
159.573102
159.640949
159.713021
160.027928
160.631991
160.703958
160.782905
160.858553
160.937813
161.548275
161.620162
161.701100
161.773831
161.852986
161.925729
162.229537
162.383079
162.536447
162.617060
162.688831
162.841250
162.921238
163.145127
163.228380
163.293866
163.375046
163.445312
163.600255
163.679444
163.751979
163.831620
163.978275
164.133148
164.207280
164.442801
164.516736
165.125069
165.429965
165.512662
165.964560
166.116933
166.342407
166.883507
167.185856
167.337975
167.493669
167.563461
167.641574
167.717454
167.799433
167.871157
167.945023
168.099306
168.173981
168.254653
168.321007
168.409988
168.477176
168.556597
168.628993
168.711227
168.785498
168.855162
168.941065
169.012384
169.093067
169.164583
169.240231
169.319630
169.391273
169.694745
169.777257
169.850394
169.929850
170.003600
170.078692
170.157176
170.305197
170.388310
170.453912
170.608218
170.694653
170.760058
170.844606
171.981887
173.133727
173.201204
173.433866
173.505116
173.582998
173.890289
173.964433
174.119294
174.272141
174.495382
174.647500
174.724086
174.799606
174.876331
175.259873
175.487407
175.567176
175.639317
175.722014
175.788171
175.873009
176.092095
176.179039
176.253183
176.325231
176.631088
176.785359
176.854282
177.094641
177.919711
178.074248
178.160336
178.309815
178.379363
178.463218
178.612650
178.689375
178.837720
178.916470
178.989271
179.074433
179.141736
179.227106
179.294907
179.375833
179.531238
179.751505
179.834074
179.901887
180.662639
180.968009
181.119225
181.206319
181.272662
181.357350
181.723738
181.813681
181.965347
182.275660
182.582894
182.731146
182.793993
182.883600
182.945718
183.037674
183.095359
183.184063
183.335984
183.641782
183.710139
184.094132
184.164537
184.247813
184.317882
184.471748
184.624433
184.704965
184.859375
185.166493
185.386111
185.619988
186.077523
186.231562
186.383924
186.536377
186.839190
187.146574
187.207685
187.363438
187.448021
187.517303
187.600833
187.754722
187.817569
187.977593
188.058866
188.122789
188.208380
188.276458
188.363773
188.516134
188.668356
188.729271
188.886250
188.972627
189.122269
189.345359
189.494896
189.651690
189.735775
189.887766
189.950637
190.106227
190.346655
190.409664
190.562963
190.648009
190.718553
191.017153
191.410498
191.471516
191.563507
191.628576
191.868252
192.167616
192.476088
192.628681
192.846285
193.389792
193.539549
194.149479
194.214884
194.456562
194.523333
194.674062
194.761609
194.977083
195.069132
195.213796
195.280116
195.434468
195.741875
195.824722
195.978438
196.128148
196.276412
196.434491
196.585220
196.649340
196.810220
196.886528
196.956968
197.039838
197.192025
197.343970
197.497338
197.569039
197.651424
197.722558
197.802257
197.951701
198.864815
199.695683
200.155544
200.235787
200.306030
200.386632
200.694838
200.847488
200.917847
201.376563
201.453935
201.762824
201.824850
202.281713
202.586516
202.738345
202.977153
203.126389
203.280440
203.501146
203.889653
204.045926
204.106551
204.196458
204.344630
204.414745
204.804178
204.874329
205.788009
206.475231
206.549028
206.851655
206.936597
207.084144
207.540197
207.844595
208.149074
208.301250
208.682454
209.055498
209.138866
209.208299
209.669097
211.343056
211.496713
211.567060
211.802940
212.110498
212.411157
212.492222
212.630613
213.020498
213.168588
213.477164
213.853368
213.929699
215.235556
215.605000
217.121505
219.099664
219.191227
219.249444
219.938530
220.163542
220.615891
220.772106
220.920174
221.224282
221.526979
221.680961
221.826574
222.131678
223.292731
223.346447
223.655278
225.887836
226.343056
296.493657
296.523056
297.700220
297.849178
300.145278
300.296204
300.562060
300.862975
301.166562
302.363877
302.668727
302.708218
302.824572
302.863623
303.270266
304.326944
305.123438
306.583044
306.739363
307.088241
307.189560
307.342546
307.843611
307.944444
308.441400
309.147025
309.203218
310.415961
311.255278
311.311690
311.407049
311.553160
311.611829
312.014109
312.315579
312.755787
312.910266
313.967025
314.718137
315.382500
315.676562
316.284167
316.587477
317.124861
317.274595
317.731725
318.179421
318.930914
319.685764
