2.014178
2.122141
2.396644
2.580301
2.692083
2.861887
3.157488
3.621748
6.166238
6.247986
6.354479
6.525602
6.922326
10.383287
10.748345
10.946273
13.389062
13.766748
20.172928
20.352106
20.451632
20.644699
26.091331
26.368588
26.465567
26.844259
27.123924
27.409282
27.601262
27.682014
27.973542
33.797905
34.169306
34.361609
34.433947
34.548275
34.629051
34.735972
34.814236
34.926644
35.110266
35.386111
35.480544
35.678206
35.755613
36.050266
36.239514
36.503611
36.908877
36.982488
37.170208
37.366493
37.443484
37.627593
38.492361
38.575336
38.679375
38.868900
39.050116
39.242049
39.431100
39.517662
39.615706
39.694039
39.804294
39.890116
40.179236
40.460000
40.548831
40.916273
41.304549
41.389988
41.491829
41.679178
41.758102
42.057095
42.430949
42.699282
42.806794
43.369514
43.459537
44.310880
44.495231
44.588981
44.876019
44.954201
45.061944
45.141146
45.249086
45.438322
45.516551
45.707743
45.804641
45.992245
46.182697
46.372049
46.558380
46.743611
46.830833
47.125532
47.311771
48.062419
48.252361
48.341516
48.624282
48.813171
48.898148
48.996435
49.377234
49.468241
49.558877
49.749271
50.125255
50.500995
50.684363
50.968542
51.062604
51.253229
51.340301
51.625023
51.812002
51.907454
52.092720
52.188125
52.280741
52.562211
52.663194
52.843866
53.130498
53.318241
53.394745
53.503970
53.689861
53.779572
53.880486
53.978889
54.251887
55.193229
55.463981
56.214861
56.318530
56.405718
57.154317
78.188368
78.244051
79.371748
79.558785
79.671759
79.749630
80.312361
80.499965
81.054618
81.199213
81.238380
82.310012
82.371007
83.113519
83.861991
84.364514
84.561933
84.796250
85.173727
85.546273
85.673310
85.738762
86.303553
86.669838
86.806042
87.794097
87.917604
87.981586
88.107940
88.170069
88.346817
89.228044
89.476331
89.854931
90.418947
90.597824
90.781076
91.348275
91.486435
92.096863
92.285162
92.477315
92.791806
92.842639
93.403507
95.047465
95.081412
95.456563
96.170463
151.965637
153.511551
153.715382
154.079086
157.374826
157.442187
157.753519
157.808530
157.933611
158.549225
160.163831
160.348356
160.532315
160.613935
160.719711
161.465081
161.657164
161.838623
162.024086
162.389109
162.469572
162.945370
163.036563
163.131910
163.313299
163.681852
163.762963
165.341134
165.608414
165.707373
165.891505
166.073183
166.440451
167.358171
167.534074
168.277778
169.015012
169.203183
169.292130
169.753067
169.842789
169.937616
170.014815
170.114421
170.666806
170.752708
170.940972
171.401157
172.501470
173.233993
173.334514
173.522037
173.603877
173.702234
174.070498
174.162037
174.341863
174.895822
175.258750
175.371343
175.815671
176.275405
176.364201
176.544352
176.728345
176.826285
176.912894
177.090984
177.644028
177.827975
177.942569
178.199873
178.683113
178.754606
178.853183
179.043623
179.668322
179.854826
180.224248
180.411065
180.516134
180.590648
180.696238
180.774039
180.889502
181.250359
181.509606
181.872523
182.173750
182.356562
183.467882
183.530475
183.901609
184.268438
184.451620
184.569606
184.744155
184.822153
185.190544
185.489595
185.559954
185.924792
186.107361
186.475451
186.658044
186.774560
186.843958
186.963819
187.395625
187.766331
188.063576
188.316713
188.501736
188.685903
188.802188
189.236898
189.538021
189.726910
189.790301
189.975498
190.266528
190.340509
190.530046
190.640706
191.194167
191.376794
191.564861
191.748252
191.814664
192.184965
192.295729
192.482419
192.549815
192.674664
192.920822
193.220185
193.299375
194.139838
194.205845
194.391748
194.505243
194.696863
194.758414
194.876632
194.942083
195.063785
195.127350
195.242292
195.422917
195.607801
195.682454
195.867870
196.165255
196.348854
196.531690
196.601701
196.780498
197.090706
197.265220
197.518391
197.700359
198.192813
198.806782
199.177558
199.294306
199.661516
199.911481
200.282396
200.584491
200.653472
200.834711
201.133970
201.504375
201.754109
202.053356
202.124132
202.422431
202.488472
202.794109
202.984375
203.168241
203.226181
203.528044
203.594074
203.785208
203.969444
205.191586
205.561528
205.805637
206.113322
206.541725
207.092894
207.272940
207.402025
208.319711
208.503866
208.687963
209.055463
209.419502
209.484572
209.600741
209.667870
209.784769
209.965208
210.215961
210.520706
210.579769
210.699954
210.886088
211.489977
212.341343
212.401030
212.579062
212.762130
213.308611
213.428125
213.488808
213.668252
215.116736
215.775428
216.139375
216.747361
216.926528
217.222998
217.471759
217.590278
217.769144
217.946713
218.130521
218.196181
218.314630
218.491875
218.676956
219.217801
219.401366
219.462465
219.580336
220.125532
220.186042
221.392928
221.572882
221.639676
221.755498
222.480451
222.657593
222.842315
223.087859
223.268669
223.566458
223.747002
223.811030
223.927836
224.287789
224.355127
224.894398
226.277326
226.528877
226.892269
227.366157
227.550370
227.733727
228.094745
228.456736
228.524525
228.642523
228.822963
228.880324
232.051748
232.172257
232.248877
233.137014
233.521111
233.719873
233.971748
234.099572
234.165799
234.293322
234.355718
234.678449
234.871273
234.941748
235.063773
235.130752
235.256713
235.835926
236.030532
236.222095
236.409387
236.484329
236.604699
236.995266
237.184444
237.372419
237.448669
237.565532
237.636528
237.761539
237.830000
238.147164
238.338900
238.403183
238.527581
238.919688
239.302257
239.493519
241.037419
241.232581
241.300579
241.423183
242.191354
242.265521
242.575394
242.769433
243.154468
243.346829
243.420660
243.537431
244.119630
244.506933
244.695289
245.082025
245.274213
245.658345
245.853229
245.931400
246.046435
246.507049
247.394549
247.964711
248.164433
248.734271
249.124398
249.209410
249.318542
249.506690
249.600764
249.892465
250.171609
250.282176
250.368171
250.473900
250.665961
251.440289
251.520150
251.629514
251.716481
251.916100
252.010324
252.209167
252.403750
252.787118
253.063773
253.174988
253.255278
253.554664
253.640903
254.239780
254.432766
254.520012
254.908044
255.480475
255.677280
255.866238
255.954167
256.062477
256.150324
256.258542
256.646574
257.418391
257.888831
258.570891
258.768322
259.149051
259.341343
260.207350
260.306354
260.395706
260.499572
260.590255
260.693021
260.884306
261.269664
261.464838
261.852454
262.237442
262.430926
262.622928
262.822396
262.904433
263.585637
263.680567
264.354896
264.552257
264.936192
265.124444
265.318866
265.419225
265.514213
265.893438
266.084780
266.277581
266.770880
267.242940
267.348831
268.330405
268.390312
268.788021
269.945637
270.133900
271.096528
272.372049
272.752234
272.837581
273.338773
273.599560
275.142882
275.915451
277.070984
339.561505
339.752234
340.183935
340.335012
340.522234
341.147905
343.263877
343.408356
344.172118
344.231470
344.743495
344.989352
346.487419
346.675926
348.397234
348.591042
349.752639
351.083993
352.290694
352.485625
353.011458
353.066701
353.200058
353.260694
353.582153
353.965428
354.155903
354.348796
354.927164
356.074155
356.660243
356.851933
357.425046
360.298750
361.248819
361.444062
361.634711
361.827500
362.017998
362.209549
362.405104
363.243519
363.360405
363.430637
363.551678
363.743056
363.934618
364.126319
365.274641
365.357535
365.749259
366.231898
366.421354
366.701655
